>
       -0.43508       47.45065   0.00000
       -0.42872       47.44065   0.00000
       -0.42694       47.42039   0.00000
       -0.43514       47.40286   0.00000
       -0.44614       47.38997   0.00000
       -0.45608       47.38502   0.00000
       -0.46912       47.38347   0.00000
       -0.47047       47.38146   0.00000
       -0.45053       47.36956   0.00000
       -0.43453       47.36301   0.00000
       -0.42935       47.35447   0.00000
       -0.43312       47.34992   0.00000
       -0.43692       47.34612   0.00000
       -0.43703       47.34116   0.00000
       -0.43509       47.33180   0.00000
       -0.44349       47.32541   0.00000
       -0.44855       47.31761   0.00000
       -0.44867       47.31290   0.00000
       -0.45016       47.30668   0.00000
       -0.45098       47.30146   0.00000
       -0.45512       47.29715   0.00000
       -0.46334       47.29423   0.00000
       -0.46488       47.29592   0.00000
       -0.46509       47.29988   0.00000
       -0.46635       47.30307   0.00000
       -0.46817       47.30302   0.00000
       -0.47129       47.30022   0.00000
       -0.47682       47.29464   0.00000
       -0.48435       47.29247   0.00000
       -0.49215       47.29550   0.00000
       -0.49228       47.29798   0.00000
       -0.48761       47.29908   0.00000
       -0.48951       47.30052   0.00000
       -0.49773       47.30453   0.00000
       -0.49977       47.30869   0.00000
       -0.49694       47.31024   0.00000
       -0.48925       47.30944   0.00000
       -0.48229       47.30862   0.00000
       -0.47580       47.30977   0.00000
       -0.47201       47.31382   0.00000
       -0.47199       47.32026   0.00000
       -0.46573       47.32586   0.00000
       -0.46054       47.33119   0.00000
       -0.46082       47.33638   0.00000
       -0.46108       47.34133   0.00000
       -0.46578       47.34765   0.00000
       -0.47324       47.35093   0.00000
       -0.47936       47.34955   0.00000
       -0.48595       47.34344   0.00000
       -0.48871       47.34041   0.00000
       -0.49364       47.33731   0.00000
       -0.50484       47.33555   0.00000
       -0.51315       47.33436   0.00000
       -0.51946       47.32975   0.00000
       -0.51996       47.32552   0.00000
       -0.52053       47.32254   0.00000
       -0.53050       47.31833   0.00000
       -0.53628       47.31076   0.00000
       -0.53481       47.30386   0.00000
       -0.52662       47.30035   0.00000
       -0.51268       47.29822   0.00000
       -0.50226       47.29402   0.00000
       -0.49473       47.28925   0.00000
       -0.49245       47.28733   0.00000
       -0.49458       47.27960   0.00000
       -0.49370       47.27665   0.00000
       -0.48103       47.27101   0.00000
       -0.47277       47.26602   0.00000
       -0.46478       47.26621   0.00000
       -0.45567       47.27287   0.00000
       -0.43549       47.27657   0.00000
       -0.40168       47.26971   0.00000
       -0.39435       47.26171   0.00000
       -0.38299       47.26000   0.00000
       -0.36796       47.25763   0.00000
       -0.36311       47.24784   0.00000
       -0.36145       47.24391   0.00000
       -0.36199       47.22583   0.00000
       -0.35855       47.22244   0.00000
       -0.35034       47.22535   0.00000
       -0.34135       47.23448   0.00000
       -0.32818       47.23998   0.00000
       -0.32594       47.23880   0.00000
       -0.33165       47.22950   0.00000
       -0.33462       47.22349   0.00000
       -0.33109       47.21837   0.00000
       -0.32305       47.21732   0.00000
       -0.31116       47.21933   0.00000
       -0.29732       47.22608   0.00000
       -0.28700       47.23053   0.00000
       -0.27951       47.23342   0.00000
       -0.27471       47.23180   0.00000
       -0.28596       47.22411   0.00000
       -0.29686       47.21668   0.00000
       -0.29670       47.21347   0.00000
       -0.28863       47.21192   0.00000
       -0.27782       47.20622   0.00000
       -0.30311       47.20342   0.00000
       -0.31417       47.19945   0.00000
       -0.31905       47.19538   0.00000
       -0.31709       47.19245   0.00000
       -0.29243       47.18584   0.00000
       -0.26712       47.18047   0.00000
       -0.26158       47.14865   0.00000
       -0.29575       47.15729   0.00000
       -0.32321       47.16210   0.00000
       -0.36255       47.19362   0.00000
       -0.39255       47.20505   0.00000
       -0.39897       47.20985   0.00000
       -0.40799       47.20864   0.00000
       -0.41329       47.19861   0.00000
       -0.42215       47.20137   0.00000
       -0.43274       47.20260   0.00000
       -0.43655       47.19187   0.00000
       -0.44691       47.18864   0.00000
       -0.45006       47.17941   0.00000
       -0.45051       47.17420   0.00000
       -0.43726       47.17055   0.00000
       -0.42797       47.17350   0.00000
       -0.41555       47.17206   0.00000
       -0.41034       47.16947   0.00000
       -0.39884       47.16479   0.00000
       -0.39449       47.15771   0.00000
       -0.39146       47.15531   0.00000
       -0.38130       47.15530   0.00000
       -0.38326       47.15104   0.00000
       -0.39194       47.14341   0.00000
       -0.39490       47.13740   0.00000
       -0.39759       47.13312   0.00000
       -0.39302       47.12902   0.00000
       -0.38578       47.12919   0.00000
       -0.38200       47.13349   0.00000
       -0.37708       47.13658   0.00000
       -0.37273       47.13668   0.00000
       -0.36709       47.13261   0.00000
       -0.36335       47.13046   0.00000
       -0.35748       47.12912   0.00000
       -0.35022       47.12904   0.00000
       -0.34126       47.13123   0.00000
       -0.33333       47.13216   0.00000
       -0.33059       47.12826   0.00000
       -0.33618       47.12392   0.00000
       -0.34033       47.11986   0.00000
       -0.34221       47.11387   0.00000
       -0.33622       47.11030   0.00000
       -0.33570       47.10709   0.00000
       -0.34364       47.09898   0.00000
       -0.35002       47.08893   0.00000
       -0.34975       47.08349   0.00000
       -0.34515       47.07864   0.00000
       -0.33855       47.07706   0.00000
       -0.32885       47.07878   0.00000
       -0.32145       47.08291   0.00000
       -0.31099       47.08389   0.00000
       -0.30016       47.08489   0.00000
       -0.29596       47.08795   0.00000
       -0.29437       47.09245   0.00000
       -0.29204       47.09671   0.00000
       -0.28802       47.09606   0.00000
       -0.28768       47.08913   0.00000
       -0.28380       47.08377   0.00000
       -0.27611       47.08222   0.00000
       -0.25903       47.08879   0.00000
       -0.27253       47.06818   0.00000
       -0.28539       47.05700   0.00000
       -0.30187       47.04597   0.00000
       -0.30771       47.03965   0.00000
       -0.30675       47.03472   0.00000
       -0.30016       47.03338   0.00000
       -0.27284       47.05233   0.00000
       -0.28244       47.03379   0.00000
       -0.28826       47.01954   0.00000
       -0.28751       47.01163   0.00000
       -0.28165       47.01028   0.00000
       -0.27403       47.00971   0.00000
       -0.26841       47.01331   0.00000
       -0.26426       47.02479   0.00000
       -0.23925       47.04665   0.00000
       -0.24971       47.02339   0.00000
       -0.22587       47.03952   0.00000
       -0.23468       47.02694   0.00000
       -0.23882       47.01521   0.00000
       -0.23741       46.99346   0.00000
       -0.23679       46.98802   0.00000
       -0.22210       46.98340   0.00000
       -0.21269       46.97569   0.00000
       -0.19873       46.97104   0.00000
       -0.19206       46.96772   0.00000
       -0.17920       46.95563   0.00000
       -0.18240       46.95456   0.00000
       -0.19371       46.95679   0.00000
       -0.20085       46.96233   0.00000
       -0.20862       46.96612   0.00000
       -0.21587       46.96645   0.00000
       -0.22306       46.97323   0.00000
       -0.22708       46.97413   0.00000
       -0.22863       46.96865   0.00000
       -0.23156       46.96189   0.00000
       -0.23517       46.96181   0.00000
       -0.23824       46.96546   0.00000
       -0.23782       46.97166   0.00000
       -0.23796       46.97463   0.00000
       -0.24085       46.97456   0.00000
       -0.25084       46.96418   0.00000
       -0.25763       46.96254   0.00000
       -0.26303       46.96217   0.00000
       -0.26474       46.96015   0.00000
       -0.26455       46.95620   0.00000
       -0.26383       46.94879   0.00000
       -0.26790       46.94325   0.00000
       -0.26394       46.93615   0.00000
       -0.24853       46.92388   0.00000
       -0.24495       46.91702   0.00000
       -0.23993       46.91020   0.00000
       -0.23309       46.90318   0.00000
       -0.22535       46.89988   0.00000
       -0.21985       46.89827   0.00000
       -0.21626       46.89860   0.00000
       -0.20884       46.90223   0.00000
       -0.20249       46.90534   0.00000
       -0.19768       46.90297   0.00000
       -0.20051       46.89400   0.00000
       -0.19832       46.88588   0.00000
       -0.19931       46.86852   0.00000
       -0.19415       46.85873   0.00000
       -0.19177       46.84640   0.00000
       -0.19577       46.83938   0.00000
       -0.20532       46.82778   0.00000
       -0.20826       46.81360   0.00000
       -0.20142       46.80632   0.00000
       -0.19090       46.80482   0.00000
       -0.17867       46.80559   0.00000
       -0.17088       46.80081   0.00000
       -0.16100       46.80548   0.00000
       -0.15438       46.81033   0.00000
       -0.15136       46.81535   0.00000
       -0.15167       46.82970   0.00000
       -0.15130       46.85298   0.00000
       -0.14802       46.85999   0.00000
       -0.14448       46.86155   0.00000
       -0.13853       46.83420   0.00000
       -0.13734       46.81615   0.00000
       -0.13999       46.80321   0.00000
       -0.13606       46.78844   0.00000
       -0.14033       46.78711   0.00000
       -0.15435       46.79424   0.00000
       -0.15959       46.79065   0.00000
       -0.15937       46.77036   0.00000
       -0.16150       46.76189   0.00000
       -0.16673       46.75806   0.00000
       -0.16361       46.75293   0.00000
       -0.15732       46.74935   0.00000
       -0.15339       46.74226   0.00000
       -0.14887       46.73790   0.00000
       -0.14676       46.73126   0.00000
       -0.14104       46.72420   0.00000
       -0.13865       46.71930   0.00000
       -0.13829       46.71139   0.00000
       -0.12605       46.70348   0.00000
       -0.12045       46.69914   0.00000
       -0.12767       46.69949   0.00000
       -0.13366       46.69688   0.00000
       -0.13025       46.69299   0.00000
       -0.12153       46.69120   0.00000
       -0.11741       46.68757   0.00000
       -0.11726       46.68436   0.00000
       -0.12098       46.67908   0.00000
       -0.12281       46.67186   0.00000
       -0.11725       46.66826   0.00000
       -0.10985       46.66372   0.00000
       -0.10757       46.66104   0.00000
       -0.11028       46.65727   0.00000
       -0.11171       46.64932   0.00000
       -0.11413       46.63911   0.00000
       -0.11628       46.63907   0.00000
       -0.12168       46.64712   0.00000
       -0.12578       46.65025   0.00000
       -0.12973       46.65017   0.00000
       -0.13308       46.64489   0.00000
       -0.13042       46.63381   0.00000
       -0.12766       46.61282   0.00000
       -0.08716       46.58274   0.00000
       -0.03244       46.54675   0.00000
       -0.00369       46.52902   0.00000
       -0.00378       46.52283   0.00000
       -0.01241       46.51523   0.00000
       -0.02557       46.51272   0.00000
       -0.03484       46.51154   0.00000
       -0.04101       46.50497   0.00000
       -0.03610       46.49938   0.00000
       -0.03657       46.49368   0.00000
       -0.04598       46.48754   0.00000
       -0.06271       46.48496   0.00000
       -0.07678       46.48714   0.00000
       -0.08318       46.48601   0.00000
       -0.09148       46.47915   0.00000
       -0.09433       46.47884   0.00000
       -0.09702       46.48274   0.00000
       -0.09794       46.48743   0.00000
       -0.11812       46.48972   0.00000
       -0.13701       46.48733   0.00000
       -0.14616       46.48366   0.00000
       -0.16354       46.47981   0.00000
       -0.17584       46.48227   0.00000
       -0.18975       46.48840   0.00000
>
       -0.18152       46.46964   0.00000
       -0.16842       46.44194   0.00000
       -0.14977       46.41016   0.00000
       -0.14029       46.39056   0.00000
       -0.20152       46.43750   0.00000
       -0.20870       46.43783   0.00000
       -0.22321       46.43428   0.00000
       -0.23177       46.43360   0.00000
       -0.27821       46.43873   0.00000
       -0.28716       46.44595   0.00000
       -0.29761       46.46205   0.00000
       -0.31663       46.47003   0.00000
       -0.34434       46.47953   0.00000
       -0.37305       46.48034   0.00000
       -0.39481       46.47833   0.00000
       -0.41844       46.47083   0.00000
       -0.43330       46.46006   0.00000
       -0.43318       46.45066   0.00000
       -0.45287       46.43655   0.00000
       -0.45440       46.43850   0.00000
       -0.45012       46.44578   0.00000
       -0.44685       46.45181   0.00000
       -0.45219       46.45812   0.00000
       -0.45880       46.46811   0.00000
       -0.45693       46.48054   0.00000
       -0.46051       46.48738   0.00000
       -0.48680       46.48970   0.00000
       -0.50846       46.49263   0.00000
       -0.51985       46.49111   0.00000
       -0.52886       46.48519   0.00000
       -0.53320       46.48582   0.00000
       -0.53730       46.49562   0.00000
       -0.53823       46.51318   0.00000
       -0.54749       46.51864   0.00000
       -0.55586       46.52091   0.00000
       -0.56124       46.52077   0.00000
       -0.56364       46.51873   0.00000
       -0.54331       46.50736   0.00000
       -0.54595       46.50308   0.00000
       -0.56394       46.50436   0.00000
       -0.57436       46.51127   0.00000
       -0.59260       46.51031   0.00000
       -0.60761       46.50943   0.00000
       -0.62159       46.50931   0.00000
       -0.63710       46.51089   0.00000
       -0.65105       46.51027   0.00000
       -0.66316       46.50872   0.00000
       -0.66919       46.51401   0.00000
       -0.66676       46.52175   0.00000
       -0.66469       46.52973   0.00000
       -0.66569       46.53490   0.00000
       -0.67279       46.53992   0.00000
       -0.67338       46.54411   0.00000
       -0.67607       46.54726   0.00000
       -0.68000       46.54691   0.00000
       -0.69194       46.53594   0.00000
       -0.70516       46.52841   0.00000
       -0.71963       46.51786   0.00000
       -0.71933       46.50623   0.00000
       -0.71362       46.50044   0.00000
       -0.70571       46.49991   0.00000
       -0.69487       46.50490   0.00000
       -0.68714       46.50139   0.00000
       -0.69276       46.49282   0.00000
       -0.69519       46.48508   0.00000
       -0.69742       46.48007   0.00000
       -0.71121       46.47673   0.00000
       -0.73098       46.47768   0.00000
       -0.77097       46.49988   0.00000
       -0.77633       46.49948   0.00000
       -0.79189       46.49584   0.00000
       -0.81230       46.49527   0.00000
       -0.81706       46.49688   0.00000
       -0.82080       46.49950   0.00000
       -0.82183       46.50492   0.00000
       -0.81991       46.50893   0.00000
       -0.81940       46.51241   0.00000
       -0.82766       46.51268   0.00000
       -0.84429       46.50875   0.00000
       -0.85114       46.50930   0.00000
       -0.85060       46.51229   0.00000
       -0.84431       46.51519   0.00000
       -0.83401       46.51696   0.00000
       -0.82661       46.51915   0.00000
       -0.82103       46.52203   0.00000
       -0.81658       46.52562   0.00000
       -0.81513       46.53160   0.00000
       -0.81827       46.53622   0.00000
       -0.82730       46.53721   0.00000
       -0.84158       46.54202   0.00000
       -0.85667       46.54828   0.00000
       -0.86009       46.55165   0.00000
       -0.85897       46.55689   0.00000
       -0.86041       46.56304   0.00000
       -0.86804       46.56456   0.00000
       -0.87485       46.56437   0.00000
       -0.88423       46.55915   0.00000
       -0.89421       46.56382   0.00000
       -0.89932       46.55921   0.00000
       -0.90774       46.55600   0.00000
       -0.91670       46.55575   0.00000
       -0.92497       46.55600   0.00000
       -0.93092       46.55336   0.00000
       -0.93934       46.55014   0.00000
       -0.94473       46.55023   0.00000
       -0.94885       46.55309   0.00000
       -0.95187       46.56142   0.00000
       -0.95032       46.57138   0.00000
       -0.94880       46.58182   0.00000
       -0.94944       46.58651   0.00000
       -0.95511       46.59106   0.00000
       -0.96318       46.59379   0.00000
       -0.97243       46.59229   0.00000
       -0.98557       46.58992   0.00000
       -0.98815       46.59084   0.00000
       -0.98869       46.59379   0.00000
       -0.98463       46.59788   0.00000
       -0.98559       46.60181   0.00000
       -0.98853       46.60296   0.00000
       -0.99497       46.60253   0.00000
       -1.00006       46.59767   0.00000
       -1.00425       46.59557   0.00000
       -1.00858       46.59594   0.00000
       -1.01509       46.60243   0.00000
       -1.01607       46.60662   0.00000
       -1.01909       46.60901   0.00000
       -1.02377       46.60911   0.00000
       -1.02772       46.60330   0.00000
       -1.02868       46.59559   0.00000
       -1.03232       46.59053   0.00000
       -1.04253       46.58156   0.00000
       -1.04425       46.58597   0.00000
       -1.04430       46.59265   0.00000
       -1.04215       46.59842   0.00000
       -1.03920       46.60296   0.00000
       -1.03957       46.60890   0.00000
       -1.04264       46.61202   0.00000
       -1.04732       46.61213   0.00000
       -1.05217       46.60927   0.00000
       -1.05320       46.60279   0.00000
       -1.05409       46.59979   0.00000
       -1.06099       46.59513   0.00000
       -1.06637       46.58927   0.00000
       -1.06744       46.58354   0.00000
       -1.06609       46.57912   0.00000
       -1.06568       46.57269   0.00000
       -1.07315       46.57148   0.00000
       -1.08369       46.57339   0.00000
       -1.09365       46.57755   0.00000
       -1.10220       46.57655   0.00000
       -1.10782       46.58010   0.00000
       -1.11741       46.58402   0.00000
       -1.12399       46.57465   0.00000
       -1.12955       46.56606   0.00000
       -1.12843       46.55990   0.00000
       -1.13310       46.55431   0.00000
       -1.14329       46.55078   0.00000
       -1.15221       46.55001   0.00000
       -1.16426       46.54196   0.00000
       -1.17284       46.53600   0.00000
       -1.18247       46.53496   0.00000
       -1.20095       46.53215   0.00000
       -1.21777       46.53138   0.00000
       -1.26879       46.52680   0.00000
       -1.31365       46.51621   0.00000
       -1.32477       46.51089   0.00000
       -1.35434       46.48144   0.00000
       -1.36850       46.47355   0.00000
       -1.38533       46.46805   0.00000
       -1.39983       46.45989   0.00000
       -1.40494       46.45600   0.00000
       -1.42498       46.45039   0.00000
       -1.43917       46.45338   0.00000
       -1.44901       46.45578   0.00000
       -1.46790       46.45416   0.00000
       -1.48370       46.45462   0.00000
       -1.49541       46.45794   0.00000
       -1.49563       46.46116   0.00000
       -1.49436       46.46343   0.00000
       -1.49051       46.46480   0.00000
       -1.49030       46.46679   0.00000
       -1.49764       46.46927   0.00000
       -1.51083       46.46808   0.00000
       -1.51591       46.46394   0.00000
       -1.54760       46.46088   0.00000
       -1.59824       46.46211   0.00000
       -1.59616       46.45326   0.00000
       -1.62155       46.45238   0.00000
       -1.64166       46.45292   0.00000
       -1.66038       46.44904   0.00000
       -1.67365       46.44436   0.00000
       -1.68998       46.44229   0.00000
>
       -0.50294       49.06264   0.00000
       -0.49327       49.06460   0.00000
       -0.48199       49.06487   0.00000
       -0.47490       49.06603   0.00000
       -0.47431       49.06901   0.00000
       -0.47974       49.07185   0.00000
       -0.47688       49.07464   0.00000
       -0.47241       49.07549   0.00000
       -0.46702       49.07339   0.00000
       -0.46316       49.07150   0.00000
       -0.45824       49.07112   0.00000
       -0.45268       49.07273   0.00000
       -0.44865       49.07480   0.00000
       -0.44653       49.07733   0.00000
       -0.44342       49.08235   0.00000
       -0.43584       49.08846   0.00000
       -0.43115       49.09228   0.00000
       -0.42563       49.09463   0.00000
       -0.42689       49.09708   0.00000
       -0.43334       49.09792   0.00000
       -0.44313       49.09794   0.00000
       -0.45336       49.09918   0.00000
       -0.46330       49.10192   0.00000
       -0.46642       49.10382   0.00000
       -0.46505       49.10633   0.00000
       -0.45493       49.10731   0.00000
       -0.44402       49.10756   0.00000
       -0.43576       49.10800   0.00000
       -0.42810       49.11263   0.00000
       -0.42439       49.11370   0.00000
       -0.41681       49.11289   0.00000
       -0.41511       49.10922   0.00000
       -0.41166       49.10806   0.00000
       -0.40752       49.10816   0.00000
       -0.40539       49.11068   0.00000
       -0.41902       49.11902   0.00000
       -0.41616       49.12181   0.00000
       -0.40943       49.12271   0.00000
       -0.40564       49.12230   0.00000
       -0.40442       49.12777   0.00000
       -0.40031       49.12836   0.00000
       -0.39342       49.12629   0.00000
       -0.39209       49.12261   0.00000
       -0.39039       49.11894   0.00000
       -0.38620       49.11804   0.00000
       -0.37928       49.11548   0.00000
       -0.37675       49.11034   0.00000
       -0.37488       49.10346   0.00000
       -0.37104       49.10206   0.00000
       -0.36265       49.10003   0.00000
       -0.36214       49.09756   0.00000
       -0.36573       49.09427   0.00000
       -0.36897       49.09123   0.00000
       -0.36880       49.08802   0.00000
       -0.36756       49.08607   0.00000
       -0.36198       49.08718   0.00000
       -0.35497       49.09006   0.00000
       -0.34868       49.09218   0.00000
       -0.34593       49.09001   0.00000
       -0.34385       49.08610   0.00000
       -0.34378       49.08487   0.00000
       -0.35006       49.08250   0.00000
       -0.35482       49.07992   0.00000
       -0.35731       49.07715   0.00000
       -0.36086       49.07311   0.00000
       -0.35913       49.06869   0.00000
       -0.34999       49.06667   0.00000
       -0.34339       49.06287   0.00000
       -0.33896       49.05728   0.00000
       -0.33569       49.05216   0.00000
       -0.32586       49.05139   0.00000
       -0.31854       49.04809   0.00000
       -0.31257       49.04154   0.00000
       -0.31191       49.03611   0.00000
       -0.30201       49.02644   0.00000
       -0.30102       49.02176   0.00000
       -0.30222       49.01580   0.00000
       -0.30505       49.01227   0.00000
       -0.30769       49.01246   0.00000
       -0.31267       49.01433   0.00000
       -0.31347       49.02248   0.00000
       -0.31736       49.02511   0.00000
       -0.32454       49.01852   0.00000
       -0.33095       49.01887   0.00000
       -0.33190       49.02256   0.00000
       -0.33873       49.02389   0.00000
       -0.33964       49.02684   0.00000
       -0.33843       49.03255   0.00000
       -0.33829       49.03701   0.00000
       -0.34019       49.03746   0.00000
       -0.34745       49.03235   0.00000
       -0.35090       49.03376   0.00000
       -0.35120       49.03944   0.00000
       -0.34844       49.04420   0.00000
       -0.35274       49.04732   0.00000
       -0.35563       49.05220   0.00000
       -0.35988       49.05433   0.00000
       -0.36633       49.04825   0.00000
       -0.37241       49.04218   0.00000
       -0.37544       49.03543   0.00000
       -0.37916       49.02743   0.00000
       -0.38300       49.02190   0.00000
       -0.38582       49.01838   0.00000
       -0.39284       49.01599   0.00000
       -0.39623       49.01616   0.00000
       -0.39710       49.01836   0.00000
       -0.39538       49.02137   0.00000
       -0.39068       49.02494   0.00000
       -0.38830       49.02969   0.00000
       -0.38284       49.04021   0.00000
       -0.37723       49.04800   0.00000
       -0.37291       49.05181   0.00000
       -0.37156       49.05456   0.00000
       -0.37320       49.05725   0.00000
       -0.37877       49.05588   0.00000
       -0.38377       49.05082   0.00000
       -0.38912       49.04526   0.00000
       -0.39327       49.04541   0.00000
       -0.39537       49.04957   0.00000
       -0.39107       49.05362   0.00000
       -0.38538       49.05994   0.00000
       -0.38159       49.06645   0.00000
       -0.38185       49.07140   0.00000
       -0.38394       49.07531   0.00000
       -0.38698       49.07598   0.00000
       -0.39640       49.07601   0.00000
       -0.39881       49.07892   0.00000
       -0.40306       49.08105   0.00000
       -0.40680       49.08047   0.00000
       -0.41068       49.07568   0.00000
       -0.41403       49.06794   0.00000
       -0.41202       49.05834   0.00000
       -0.40876       49.05371   0.00000
       -0.40773       49.04854   0.00000
       -0.41129       49.04475   0.00000
       -0.41642       49.04216   0.00000
       -0.41771       49.03817   0.00000
       -0.41401       49.03232   0.00000
       -0.41182       49.02644   0.00000
       -0.41046       49.02201   0.00000
       -0.41884       49.02405   0.00000
       -0.42610       49.02635   0.00000
       -0.43316       49.03163   0.00000
       -0.43455       49.03655   0.00000
       -0.43777       49.03350   0.00000
       -0.43865       49.02878   0.00000
       -0.43684       49.02314   0.00000
       -0.43126       49.01733   0.00000
       -0.42760       49.01222   0.00000
       -0.43348       49.00961   0.00000
       -0.43946       49.00898   0.00000
       -0.44011       49.00698   0.00000
       -0.43582       49.00411   0.00000
       -0.43488       49.00067   0.00000
       -0.43960       48.99759   0.00000
       -0.44705       48.99643   0.00000
       -0.44460       48.99278   0.00000
       -0.43701       48.99147   0.00000
       -0.42996       48.99312   0.00000
       -0.42209       48.99355   0.00000
       -0.41220       48.99130   0.00000
       -0.40486       48.98751   0.00000
       -0.40235       48.98263   0.00000
       -0.40321       48.97766   0.00000
       -0.40994       48.97701   0.00000
       -0.41210       48.98240   0.00000
       -0.41679       48.98576   0.00000
       -0.42168       48.98589   0.00000
       -0.42448       48.98187   0.00000
       -0.41889       48.97581   0.00000
       -0.41644       48.97216   0.00000
       -0.41907       48.96517   0.00000
       -0.41984       48.95848   0.00000
       -0.41542       48.95289   0.00000
       -0.41166       48.95298   0.00000
       -0.40563       48.95955   0.00000
       -0.40129       48.96261   0.00000
       -0.39272       48.96405   0.00000
       -0.38032       48.96384   0.00000
       -0.38042       48.95864   0.00000
       -0.38616       48.95356   0.00000
       -0.38539       48.94616   0.00000
       -0.38469       48.93999   0.00000
       -0.38677       48.93673   0.00000
       -0.39172       48.93810   0.00000
       -0.39941       48.94138   0.00000
       -0.40991       48.94114   0.00000
       -0.41384       48.93734   0.00000
       -0.41486       48.93534   0.00000
       -0.40632       48.92317   0.00000
       -0.39832       48.92088   0.00000
       -0.39002       48.92008   0.00000
       -0.38180       48.92076   0.00000
       -0.36889       48.92501   0.00000
       -0.36119       48.92840   0.00000
       -0.35153       48.93035   0.00000
       -0.34403       48.93052   0.00000
       -0.33578       48.93071   0.00000
       -0.33092       48.93106   0.00000
       -0.32023       48.93476   0.00000
       -0.31668       48.93880   0.00000
       -0.31687       48.94251   0.00000
       -0.31927       48.94542   0.00000
       -0.32529       48.94553   0.00000
       -0.33517       48.94061   0.00000
       -0.34517       48.93792   0.00000
       -0.37436       48.93627   0.00000
       -0.36636       48.94115   0.00000
       -0.34930       48.94524   0.00000
       -0.33497       48.95125   0.00000
       -0.32233       48.95376   0.00000
       -0.31649       48.95711   0.00000
       -0.31486       48.96185   0.00000
       -0.31445       48.96853   0.00000
       -0.32186       48.97381   0.00000
       -0.33443       48.97724   0.00000
       -0.34681       48.97671   0.00000
       -0.36068       48.97615   0.00000
       -0.35894       48.97891   0.00000
       -0.34135       48.98747   0.00000
       -0.33553       48.99107   0.00000
       -0.32961       48.99293   0.00000
       -0.32246       49.00001   0.00000
       -0.32025       49.00081   0.00000
       -0.30773       48.99861   0.00000
       -0.30368       48.98559   0.00000
       -0.31124       48.98641   0.00000
       -0.31528       48.98459   0.00000
       -0.31611       48.97888   0.00000
       -0.30485       48.97171   0.00000
       -0.30121       48.96660   0.00000
       -0.30029       48.95598   0.00000
       -0.29897       48.95230   0.00000
       -0.29653       48.93381   0.00000
       -0.28569       48.91995   0.00000
       -0.27497       48.91573   0.00000
       -0.25991       48.91482   0.00000
       -0.24587       48.91166   0.00000
       -0.23423       48.91142   0.00000
       -0.22404       48.91782   0.00000
       -0.21610       48.91651   0.00000
       -0.21191       48.90769   0.00000
       -0.20708       48.90112   0.00000
       -0.19472       48.90138   0.00000
       -0.17318       48.90580   0.00000
       -0.16496       48.90646   0.00000
       -0.16290       48.90280   0.00000
       -0.19068       48.88786   0.00000
       -0.19497       48.88357   0.00000
       -0.19483       48.87293   0.00000
       -0.18590       48.87436   0.00000
       -0.17253       48.87712   0.00000
       -0.15727       48.87942   0.00000
       -0.14434       48.88340   0.00000
       -0.14223       48.87849   0.00000
       -0.14680       48.87222   0.00000
       -0.15334       48.86787   0.00000
       -0.15465       48.86389   0.00000
       -0.15194       48.86221   0.00000
       -0.14670       48.86232   0.00000
       -0.13477       48.87148   0.00000
       -0.12078       48.85321   0.00000
        0.03002       48.80775   0.00000
        0.02529       48.80469   0.00000
        0.00531       48.80777   0.00000
       -0.01516       48.81330   0.00000
       -0.02684       48.81480   0.00000
       -0.03469       48.81464   0.00000
       -0.03800       48.81334   0.00000
       -0.03443       48.80896   0.00000
       -0.02217       48.80277   0.00000
       -0.01981       48.80034   0.00000
       -0.01932       48.79763   0.00000
       -0.02412       48.79630   0.00000
       -0.05376       48.80585   0.00000
       -0.08942       48.81577   0.00000
       -0.12364       48.82669   0.00000
       -0.13612       48.82915   0.00000
       -0.14384       48.82602   0.00000
       -0.13946       48.82067   0.00000
       -0.12328       48.81111   0.00000
       -0.10845       48.80647   0.00000
       -0.10451       48.80235   0.00000
       -0.10511       48.79912   0.00000
       -0.11491       48.80040   0.00000
       -0.13748       48.81057   0.00000
       -0.14321       48.81292   0.00000
       -0.16129       48.81502   0.00000
       -0.17192       48.81801   0.00000
       -0.17407       48.81599   0.00000
       -0.18228       48.81557   0.00000
       -0.19279       48.81609   0.00000
       -0.19923       48.81743   0.00000
       -0.20398       48.81510   0.00000
       -0.20343       48.81141   0.00000
       -0.18677       48.80013   0.00000
       -0.17827       48.79463   0.00000
       -0.17585       48.79097   0.00000
       -0.17556       48.78503   0.00000
       -0.17681       48.78006   0.00000
       -0.18315       48.77943   0.00000
       -0.18813       48.78180   0.00000
       -0.19267       48.78294   0.00000
       -0.19598       48.78163   0.00000
       -0.18924       48.77386   0.00000
       -0.18411       48.76853   0.00000
       -0.17553       48.76129   0.00000
       -0.16880       48.76143   0.00000
       -0.16106       48.76382   0.00000
       -0.15172       48.76401   0.00000
       -0.14703       48.75991   0.00000
       -0.14313       48.75653   0.00000
       -0.13860       48.75563   0.00000
       -0.13337       48.75574   0.00000
       -0.13160       48.75800   0.00000
       -0.13101       48.76915   0.00000
       -0.12260       48.76536   0.00000
       -0.11870       48.75406   0.00000
       -0.11886       48.74169   0.00000
       -0.12327       48.74012   0.00000
       -0.13231       48.74141   0.00000
       -0.13997       48.74521   0.00000
       -0.14448       48.74561   0.00000
       -0.14747       48.74555   0.00000
       -0.14943       48.73982   0.00000
       -0.15626       48.73399   0.00000
       -0.16249       48.73138   0.00000
       -0.16532       48.72811   0.00000
       -0.16517       48.72489   0.00000
       -0.15721       48.72259   0.00000
       -0.14822       48.72228   0.00000
       -0.14584       48.71936   0.00000
       -0.14524       48.71468   0.00000
       -0.15188       48.71280   0.00000
       -0.15761       48.71541   0.00000
       -0.16211       48.71581   0.00000
       -0.16631       48.70978   0.00000
       -0.17160       48.70324   0.00000
       -0.17798       48.69617   0.00000
       -0.18458       48.69356   0.00000
       -0.18743       48.69078   0.00000
       -0.18731       48.68831   0.00000
       -0.17401       48.69131   0.00000
       -0.16495       48.69719   0.00000
       -0.15797       48.69956   0.00000
       -0.15238       48.69993   0.00000
       -0.18346       48.67058   0.00000
       -0.19195       48.66842   0.00000
       -0.19458       48.66885   0.00000
       -0.19517       48.67330   0.00000
       -0.19419       48.67604   0.00000
       -0.19652       48.67797   0.00000
       -0.19945       48.67667   0.00000
       -0.20710       48.67279   0.00000
       -0.22027       48.67474   0.00000
       -0.23112       48.67524   0.00000
       -0.23726       48.67091   0.00000
       -0.23402       48.66578   0.00000
       -0.22524       48.66201   0.00000
       -0.21761       48.65871   0.00000
       -0.21598       48.65603   0.00000
       -0.21731       48.65253   0.00000
       -0.22774       48.65206   0.00000
       -0.23849       48.65059   0.00000
       -0.24163       48.64607   0.00000
       -0.24061       48.64065   0.00000
       -0.23600       48.63803   0.00000
       -0.23045       48.63889   0.00000
       -0.22659       48.64392   0.00000
       -0.22262       48.64673   0.00000
       -0.21418       48.64963   0.00000
       -0.20624       48.64758   0.00000
       -0.19915       48.64773   0.00000
       -0.18940       48.65437   0.00000
       -0.17932       48.65434   0.00000
       -0.17035       48.65428   0.00000
       -0.16482       48.65563   0.00000
       -0.16385       48.65887   0.00000
       -0.16842       48.66075   0.00000
       -0.17295       48.66165   0.00000
       -0.17058       48.66664   0.00000
       -0.16476       48.66998   0.00000
       -0.15960       48.67133   0.00000
       -0.15566       48.67488   0.00000
       -0.15957       48.67850   0.00000
       -0.16058       48.68393   0.00000
       -0.14981       48.69306   0.00000
       -0.13916       48.69699   0.00000
       -0.13420       48.69487   0.00000
       -0.13253       48.69119   0.00000
       -0.12647       48.68934   0.00000
       -0.12152       48.68746   0.00000
       -0.12023       48.68378   0.00000
       -0.12411       48.67900   0.00000
       -0.12023       48.67586   0.00000
       -0.11419       48.67450   0.00000
       -0.11137       48.67011   0.00000
       -0.10782       48.66622   0.00000
       -0.10406       48.66556   0.00000
       -0.10153       48.66734   0.00000
       -0.10064       48.67231   0.00000
       -0.09822       48.67656   0.00000
       -0.08796       48.68073   0.00000
       -0.09064       48.69799   0.00000
       -0.08020       48.69845   0.00000
       -0.07223       48.69589   0.00000
       -0.07463       48.69115   0.00000
       -0.07550       48.68593   0.00000
       -0.05983       48.68625   0.00000
       -0.05140       48.68172   0.00000
       -0.03642       48.67262   0.00000
       -0.02833       48.66709   0.00000
       -0.01747       48.66657   0.00000
       -0.00883       48.66525   0.00000
       -0.00204       48.66390   0.00000
        0.00538       48.66479   0.00000
        0.01050       48.66737   0.00000
        0.01583       48.66500   0.00000
        0.02192       48.65398   0.00000
        0.03074       48.64871   0.00000
        0.03243       48.64429   0.00000
        0.02280       48.64262   0.00000
        0.02267       48.63718   0.00000
        0.03827       48.63031   0.00000
        0.05026       48.62930   0.00000
        0.05228       48.62563   0.00000
        0.05724       48.62325   0.00000
        0.06134       48.62333   0.00000
        0.06305       48.62683   0.00000
        0.06705       48.62938   0.00000
        0.07385       48.62728   0.00000
        0.08295       48.62399   0.00000
        0.08308       48.62102   0.00000
        0.07756       48.61919   0.00000
        0.07210       48.61611   0.00000
        0.07224       48.61290   0.00000
        0.07713       48.61200   0.00000
        0.08559       48.61464   0.00000
        0.09557       48.61681   0.00000
        0.10043       48.61665   0.00000
        0.10908       48.61484   0.00000
        0.11775       48.61277   0.00000
        0.11941       48.60885   0.00000
        0.11428       48.60677   0.00000
        0.10421       48.60683   0.00000
        0.09981       48.60501   0.00000
        0.09883       48.60178   0.00000
        0.10450       48.59991   0.00000
        0.11942       48.59994   0.00000
        0.12913       48.59963   0.00000
        0.13554       48.59777   0.00000
        0.13698       48.59037   0.00000
        0.13797       48.58445   0.00000
        0.13917       48.58250   0.00000
        0.14223       48.58082   0.00000
        0.15269       48.58027   0.00000
        0.15972       48.58139   0.00000
        0.16612       48.58003   0.00000
        0.16808       48.57759   0.00000
        0.16675       48.57385   0.00000
        0.16420       48.57232   0.00000
        0.17026       48.56996   0.00000
        0.17347       48.56458   0.00000
        0.17367       48.55963   0.00000
        0.17674       48.55771   0.00000
        0.18047       48.55753   0.00000
        0.18596       48.55986   0.00000
        0.19519       48.56200   0.00000
        0.20077       48.56210   0.00000
        0.20748       48.56222   0.00000
        0.21164       48.56057   0.00000
        0.21396       48.55863   0.00000
        0.21448       48.54578   0.00000
        0.15904       48.52646   0.00000
        0.13345       48.51535   0.00000
        0.10526       48.50418   0.00000
        0.07301       48.49244   0.00000
        0.04548       48.48374   0.00000
        0.02778       48.48018   0.00000
        0.00794       48.47460   0.00000
        0.00181       48.47027   0.00000
        0.00202       48.46557   0.00000
        0.00481       48.46142   0.00000
        0.01116       48.46080   0.00000
        0.01930       48.46171   0.00000
        0.02419       48.46057   0.00000
        0.02433       48.45735   0.00000
        0.02635       48.45368   0.00000
        0.03417       48.45359   0.00000
        0.03869       48.45219   0.00000
        0.04000       48.44776   0.00000
        0.03533       48.44396   0.00000
        0.03292       48.43971   0.00000
        0.03685       48.43483   0.00000
        0.04226       48.43024   0.00000
        0.05387       48.42824   0.00000
        0.06321       48.42718   0.00000
        0.07335       48.42465   0.00000
        0.07954       48.41908   0.00000
        0.08048       48.41465   0.00000
        0.07718       48.40493   0.00000
        0.07397       48.40190   0.00000
        0.07145       48.40012   0.00000
        0.06979       48.39539   0.00000
        0.07330       48.39150   0.00000
        0.07832       48.38714   0.00000
        0.07884       48.38369   0.00000
        0.07895       48.38122   0.00000
        0.07159       48.37959   0.00000
        0.06163       48.37816   0.00000
        0.05506       48.37556   0.00000
        0.05330       48.37330   0.00000
        0.05345       48.36984   0.00000
        0.05909       48.36821   0.00000
        0.06953       48.36718   0.00000
        0.08108       48.36641   0.00000
        0.08560       48.36476   0.00000
        0.08654       48.36008   0.00000
        0.08343       48.35483   0.00000
        0.07794       48.35299   0.00000
        0.07121       48.35410   0.00000
        0.06309       48.35320   0.00000
        0.05909       48.35114   0.00000
        0.05398       48.34931   0.00000
        0.04283       48.34959   0.00000
        0.03691       48.34923   0.00000
        0.03514       48.34721   0.00000
        0.04090       48.34287   0.00000
        0.04826       48.33584   0.00000
        0.05443       48.33052   0.00000
        0.05493       48.32756   0.00000
        0.05283       48.32455   0.00000
        0.04987       48.32449   0.00000
        0.04814       48.32173   0.00000
        0.05425       48.31765   0.00000
        0.06235       48.31038   0.00000
        0.06473       48.30696   0.00000
        0.06428       48.30027   0.00000
        0.06143       48.28908   0.00000
        0.05589       48.28007   0.00000
        0.04982       48.27475   0.00000
        0.03404       48.25440   0.00000
        0.02444       48.24531   0.00000
        0.01459       48.24190   0.00000
       -0.00373       48.23733   0.00000
       -0.01667       48.23682   0.00000
       -0.02316       48.23298   0.00000
       -0.02675       48.23043   0.00000
       -0.02631       48.22896   0.00000
       -0.02142       48.22732   0.00000
       -0.01250       48.22651   0.00000
       -0.00209       48.22548   0.00000
        0.01110       48.22030   0.00000
        0.01881       48.21352   0.00000
        0.01973       48.20933   0.00000
        0.01838       48.20634   0.00000
        0.00472       48.20557   0.00000
       -0.01622       48.21035   0.00000
       -0.02583       48.21016   0.00000
       -0.03414       48.20554   0.00000
       -0.03654       48.20128   0.00000
       -0.03899       48.19010   0.00000
       -0.03865       48.18268   0.00000
       -0.03739       48.17924   0.00000
       -0.03358       48.17684   0.00000
       -0.03499       48.17533   0.00000
       -0.04312       48.17517   0.00000
       -0.05317       48.17645   0.00000
       -0.05832       48.17585   0.00000
       -0.06811       48.17144   0.00000
       -0.07127       48.16791   0.00000
       -0.07287       48.16243   0.00000
       -0.06951       48.15359   0.00000
       -0.06510       48.14626   0.00000
       -0.06268       48.14185   0.00000
       -0.06177       48.13816   0.00000
       -0.06225       48.13246   0.00000
       -0.06780       48.12443   0.00000
       -0.07233       48.11839   0.00000
       -0.07496       48.11141   0.00000
       -0.07459       48.10325   0.00000
       -0.07285       48.09760   0.00000
       -0.07630       48.09233   0.00000
       -0.08405       48.09217   0.00000
       -0.09823       48.09534   0.00000
       -0.11285       48.09998   0.00000
       -0.11817       48.09517   0.00000
       -0.12148       48.08693   0.00000
       -0.12103       48.07729   0.00000
       -0.11528       48.07296   0.00000
       -0.11364       48.06928   0.00000
       -0.11855       48.06373   0.00000
       -0.12674       48.05737   0.00000
       -0.14044       48.05832   0.00000
       -0.14553       48.05673   0.00000
       -0.16765       48.04067   0.00000
       -0.17230       48.02992   0.00000
       -0.17000       48.02032   0.00000
       -0.16568       48.01472   0.00000
       -0.16995       48.00374   0.00000
       -0.16824       47.99883   0.00000
       -0.16688       47.99341   0.00000
       -0.16530       47.99122   0.00000
       -0.15846       47.99483   0.00000
       -0.15017       47.99872   0.00000
       -0.14354       47.99886   0.00000
       -0.14301       47.99540   0.00000
       -0.14450       47.98795   0.00000
       -0.15715       47.98273   0.00000
       -0.16166       47.97669   0.00000
       -0.17205       47.97053   0.00000
       -0.18327       47.96633   0.00000
       -0.18995       47.96717   0.00000
       -0.19419       47.97104   0.00000
       -0.18852       47.97587   0.00000
       -0.18611       47.97938   0.00000
       -0.19145       47.98323   0.00000
       -0.19642       47.98683   0.00000
       -0.19656       47.98980   0.00000
       -0.19109       47.99091   0.00000
       -0.18483       47.99104   0.00000
       -0.18233       47.99283   0.00000
       -0.21181       48.01546   0.00000
       -0.21664       48.00842   0.00000
       -0.22037       48.00190   0.00000
       -0.21901       47.99649   0.00000
       -0.20867       47.98855   0.00000
       -0.20634       47.98612   0.00000
       -0.20622       47.98365   0.00000
       -0.21015       47.98109   0.00000
       -0.21912       47.98362   0.00000
       -0.22587       47.98595   0.00000
       -0.23323       47.98578   0.00000
       -0.23744       47.98891   0.00000
       -0.23915       47.99382   0.00000
       -0.24555       47.99640   0.00000
       -0.25435       47.99547   0.00000
       -0.28690       48.04201   0.00000
       -0.28741       48.05215   0.00000
       -0.29519       48.06014   0.00000
       -0.30559       48.06140   0.00000
       -0.31093       48.05756   0.00000
       -0.30723       48.04997   0.00000
       -0.29914       48.04322   0.00000
       -0.29836       48.03507   0.00000
       -0.28669       48.02296   0.00000
       -0.27995       48.01346   0.00000
       -0.28067       48.00577   0.00000
       -0.28062       47.99736   0.00000
       -0.27237       47.98714   0.00000
       -0.27157       47.97850   0.00000
       -0.27468       47.97422   0.00000
       -0.27441       47.96878   0.00000
       -0.27375       47.96286   0.00000
       -0.27353       47.95841   0.00000
       -0.27821       47.95632   0.00000
       -0.27858       47.94889   0.00000
       -0.28545       47.94626   0.00000
       -0.29905       47.94571   0.00000
       -0.30510       47.94161   0.00000
       -0.30219       47.93499   0.00000
       -0.29864       47.93012   0.00000
       -0.29833       47.92394   0.00000
       -0.29449       47.92081   0.00000
       -0.29250       47.91788   0.00000
       -0.30121       47.91521   0.00000
       -0.30069       47.91225   0.00000
       -0.29210       47.90972   0.00000
       -0.28946       47.90112   0.00000
       -0.28628       47.89649   0.00000
       -0.28133       47.89313   0.00000
       -0.27878       47.88626   0.00000
       -0.27853       47.88107   0.00000
       -0.27351       47.87623   0.00000
       -0.26927       47.87236   0.00000
       -0.26915       47.86989   0.00000
       -0.28197       47.86144   0.00000
       -0.28564       47.85393   0.00000
       -0.28307       47.84656   0.00000
       -0.28277       47.84063   0.00000
       -0.29059       47.83525   0.00000
       -0.30179       47.83129   0.00000
       -0.32450       47.82978   0.00000
       -0.34943       47.82847   0.00000
       -0.36577       47.83180   0.00000
       -0.37661       47.83526   0.00000
       -0.38619       47.83578   0.00000
       -0.39842       47.83054   0.00000
       -0.40478       47.82569   0.00000
       -0.42026       47.82657   0.00000
       -0.45276       47.83644   0.00000
       -0.48206       47.84811   0.00000
       -0.50416       47.85574   0.00000
       -0.51987       47.86056   0.00000
       -0.48352       47.84114   0.00000
       -0.45633       47.82744   0.00000
       -0.44074       47.81766   0.00000
       -0.43612       47.82050   0.00000
       -0.40437       47.81060   0.00000
       -0.39509       47.80884   0.00000
       -0.38774       47.80876   0.00000
       -0.37000       47.81388   0.00000
       -0.34565       47.81915   0.00000
       -0.32354       47.81792   0.00000
       -0.29997       47.80954   0.00000
       -0.29269       47.80352   0.00000
       -0.29171       47.79859   0.00000
       -0.29252       47.79288   0.00000
       -0.30921       47.78136   0.00000
       -0.32583       47.76861   0.00000
       -0.32977       47.75936   0.00000
       -0.33732       47.74903   0.00000
       -0.35039       47.73908   0.00000
       -0.36703       47.73449   0.00000
       -0.37910       47.72653   0.00000
       -0.41811       47.76423   0.00000
       -0.43918       47.74591   0.00000
       -0.45287       47.74806   0.00000
       -0.46385       47.74755   0.00000
       -0.46698       47.74425   0.00000
       -0.47078       47.73970   0.00000
       -0.47872       47.73728   0.00000
       -0.48453       47.73615   0.00000
       -0.48398       47.73270   0.00000
       -0.46398       47.72229   0.00000
       -0.48572       47.72399   0.00000
       -0.49125       47.72460   0.00000
       -0.49834       47.71997   0.00000
       -0.51180       47.71791   0.00000
       -0.49214       47.70007   0.00000
       -0.48237       47.68867   0.00000
       -0.47938       47.68082   0.00000
       -0.48640       47.67496   0.00000
       -0.49087       47.66940   0.00000
       -0.49237       47.66318   0.00000
       -0.49405       47.65348   0.00000
       -0.50461       47.65223   0.00000
       -0.51671       47.64575   0.00000
       -0.52281       47.64337   0.00000
       -0.53713       47.64400   0.00000
       -0.54663       47.64352   0.00000
       -0.54903       47.64049   0.00000
       -0.54548       47.63588   0.00000
       -0.53475       47.63391   0.00000
       -0.52806       47.63210   0.00000
       -0.52647       47.62966   0.00000
       -0.52808       47.62566   0.00000
       -0.53683       47.62495   0.00000
       -0.54281       47.62728   0.00000
       -0.54574       47.62720   0.00000
       -0.55179       47.62408   0.00000
       -0.56023       47.62437   0.00000
       -0.56375       47.62849   0.00000
       -0.56405       47.63393   0.00000
       -0.56784       47.63631   0.00000
       -0.57111       47.63573   0.00000
       -0.57704       47.63038   0.00000
       -0.57700       47.62296   0.00000
       -0.57754       47.61279   0.00000
       -0.58376       47.60620   0.00000
       -0.58837       47.60336   0.00000
       -0.58821       47.60064   0.00000
       -0.57810       47.59644   0.00000
       -0.56656       47.59277   0.00000
       -0.56463       47.59108   0.00000
       -0.56404       47.58689   0.00000
       -0.57301       47.58369   0.00000
       -0.58687       47.58285   0.00000
       -0.59477       47.58017   0.00000
       -0.60015       47.57830   0.00000
       -0.60071       47.57507   0.00000
       -0.59681       47.57071   0.00000
       -0.59073       47.56666   0.00000
       -0.56397       47.55891   0.00000
       -0.55858       47.55384   0.00000
       -0.52765       47.52292   0.00000
       -0.50348       47.50148   0.00000
       -0.47723       47.48850   0.00000
       -0.46262       47.48168   0.00000
       -0.45694       47.47785   0.00000
       -0.45999       47.47332   0.00000
       -0.47055       47.47282   0.00000
       -0.47490       47.47222   0.00000
       -0.47868       47.46767   0.00000
       -0.44113       47.45471   0.00000
>
       -1.38576       49.17091   0.00000
       -1.37565       49.17197   0.00000
       -1.36384       49.17035   0.00000
       -1.34834       49.16465   0.00000
       -1.33757       49.16176   0.00000
       -1.32436       49.16167   0.00000
       -1.32065       49.16253   0.00000
       -1.31913       49.15713   0.00000
       -1.31365       49.15433   0.00000
       -1.30896       49.15200   0.00000
       -1.30219       49.15220   0.00000
       -1.29114       49.15600   0.00000
       -1.29036       49.15033   0.00000
       -1.28819       49.14619   0.00000
       -1.28117       49.14294   0.00000
       -1.26635       49.14141   0.00000
       -1.23531       49.13962   0.00000
       -1.21650       49.14018   0.00000
       -1.19922       49.14118   0.00000
       -1.18152       49.14146   0.00000
       -1.16782       49.13963   0.00000
       -1.15055       49.14063   0.00000
       -1.13572       49.14997   0.00000
       -1.10273       49.17542   0.00000
       -1.08890       49.19437   0.00000
       -1.07988       49.20056   0.00000
       -1.07039       49.20553   0.00000
       -1.04146       49.20759   0.00000
       -1.01954       49.20721   0.00000
       -1.00605       49.20289   0.00000
       -0.99547       49.20269   0.00000
       -0.98090       49.21101   0.00000
       -0.97312       49.21321   0.00000
       -0.96224       49.21425   0.00000
       -0.95710       49.21661   0.00000
       -0.95552       49.22136   0.00000
       -0.95428       49.22560   0.00000
       -0.94112       49.22645   0.00000
       -0.92417       49.23310   0.00000
       -0.90615       49.23483   0.00000
       -0.87119       49.23750   0.00000
       -0.86418       49.24016   0.00000
       -0.85803       49.24453   0.00000
       -0.84606       49.24633   0.00000
       -0.83830       49.24307   0.00000
       -0.83460       49.23822   0.00000
       -0.83128       49.23336   0.00000
       -0.82477       49.23180   0.00000
       -0.81744       49.22928   0.00000
       -0.81471       49.22786   0.00000
       -0.81267       49.22544   0.00000
       -0.81204       49.22126   0.00000
       -0.80692       49.21793   0.00000
       -0.78021       49.21937   0.00000
       -0.76810       49.22512   0.00000
       -0.76620       49.21256   0.00000
       -0.76378       49.20371   0.00000
       -0.76284       49.20052   0.00000
       -0.76286       49.19459   0.00000
       -0.76528       49.19106   0.00000
       -0.77222       49.18717   0.00000
       -0.77617       49.18385   0.00000
       -0.77746       49.18036   0.00000
       -0.77429       49.17772   0.00000
       -0.76892       49.17637   0.00000
       -0.76299       49.17801   0.00000
       -0.75268       49.18223   0.00000
       -0.74519       49.18317   0.00000
       -0.73628       49.18562   0.00000
       -0.73152       49.18797   0.00000
       -0.72808       49.18732   0.00000
       -0.72896       49.18309   0.00000
       -0.73176       49.17931   0.00000
       -0.74018       49.17514   0.00000
       -0.74675       49.17150   0.00000
       -0.74950       49.16698   0.00000
       -0.74994       49.16177   0.00000
       -0.74648       49.16063   0.00000
       -0.74196       49.16074   0.00000
       -0.73602       49.16238   0.00000
       -0.72909       49.16627   0.00000
       -0.72162       49.16745   0.00000
       -0.71594       49.16710   0.00000
       -0.71468       49.16490   0.00000
       -0.71708       49.16089   0.00000
       -0.72189       49.15928   0.00000
       -0.72765       49.15468   0.00000
       -0.73047       49.15139   0.00000
       -0.73098       49.14742   0.00000
       -0.73107       49.14247   0.00000
       -0.71751       49.13639   0.00000
       -0.70949       49.13461   0.00000
       -0.70019       49.13040   0.00000
       -0.69543       49.12631   0.00000
       -0.69083       49.12494   0.00000
       -0.68710       49.12553   0.00000
       -0.68196       49.12789   0.00000
       -0.67613       49.13125   0.00000
       -0.66825       49.13194   0.00000
       -0.66116       49.13311   0.00000
       -0.65582       49.13844   0.00000
       -0.65008       49.14353   0.00000
       -0.64416       49.14541   0.00000
       -0.63777       49.14582   0.00000
       -0.63112       49.14821   0.00000
       -0.62382       49.15234   0.00000
       -0.61898       49.15988   0.00000
       -0.61950       49.16902   0.00000
       -0.62119       49.17863   0.00000
       -0.61755       49.18094   0.00000
       -0.60989       49.17891   0.00000
       -0.60365       49.17535   0.00000
       -0.59263       49.17389   0.00000
       -0.58247       49.17438   0.00000
       -0.57710       49.17278   0.00000
       -0.57688       49.16883   0.00000
       -0.58392       49.16668   0.00000
       -0.59293       49.16597   0.00000
       -0.60179       49.16253   0.00000
       -0.60369       49.15630   0.00000
       -0.60183       49.15017   0.00000
       -0.59901       49.14702   0.00000
       -0.59886       49.14430   0.00000
       -0.60032       49.14352   0.00000
       -0.60672       49.14337   0.00000
       -0.61542       49.14389   0.00000
       -0.62130       49.14128   0.00000
       -0.61978       49.13439   0.00000
       -0.61581       49.12435   0.00000
       -0.61219       49.12048   0.00000
       -0.60933       49.11659   0.00000
       -0.61148       49.11456   0.00000
       -0.61785       49.11391   0.00000
       -0.62262       49.11824   0.00000
       -0.62595       49.12385   0.00000
       -0.62774       49.12875   0.00000
       -0.62971       49.13018   0.00000
       -0.63308       49.12985   0.00000
       -0.63843       49.12453   0.00000
       -0.64190       49.11949   0.00000
       -0.64090       49.10863   0.00000
       -0.63529       49.09641   0.00000
       -0.62814       49.08991   0.00000
       -0.61488       49.08850   0.00000
       -0.60107       49.09057   0.00000
       -0.59443       49.09296   0.00000
       -0.58997       49.09406   0.00000
       -0.58841       49.09979   0.00000
       -0.58171       49.10119   0.00000
       -0.57344       49.10139   0.00000
       -0.56518       49.10184   0.00000
       -0.56193       49.10439   0.00000
       -0.56151       49.11034   0.00000
       -0.55874       49.11461   0.00000
       -0.55236       49.11501   0.00000
       -0.54483       49.11519   0.00000
       -0.54204       49.11922   0.00000
       -0.54385       49.12461   0.00000
       -0.53727       49.12824   0.00000
       -0.53081       49.12715   0.00000
       -0.52300       49.12907   0.00000
       -0.51755       49.13267   0.00000
       -0.50782       49.13389   0.00000
       -0.50414       49.13546   0.00000
       -0.50161       49.13750   0.00000
       -0.50191       49.14293   0.00000
       -0.50185       49.14862   0.00000
       -0.48815       49.15315   0.00000
>
       -0.47775       49.15253   0.00000
       -0.46794       49.15251   0.00000
       -0.45602       49.15502   0.00000
       -0.44375       49.15827   0.00000
       -0.43403       49.15973   0.00000
       -0.42800       49.15987   0.00000
       -0.43632       49.15325   0.00000
       -0.44960       49.14799   0.00000
       -0.46278       49.14076   0.00000
       -0.47246       49.13163   0.00000
       -0.48748       49.12386   0.00000
       -0.49794       49.12213   0.00000
       -0.51223       49.11486   0.00000
       -0.51901       49.10802   0.00000
       -0.52299       49.10520   0.00000
       -0.52893       49.10358   0.00000
       -0.53252       49.10052   0.00000
       -0.53516       49.09378   0.00000
       -0.53713       49.08854   0.00000
       -0.54079       49.08672   0.00000
       -0.54714       49.08583   0.00000
       -0.55267       49.08371   0.00000
       -0.55460       49.07773   0.00000
       -0.54619       49.06878   0.00000
       -0.53179       49.06022   0.00000
       -0.52360       49.04830   0.00000
       -0.52185       49.03721   0.00000
       -0.52169       49.02757   0.00000
       -0.52133       49.02090   0.00000
       -0.51970       49.01871   0.00000
       -0.51325       49.01763   0.00000
       -0.50818       49.02121   0.00000
       -0.50126       49.02533   0.00000
       -0.49323       49.02973   0.00000
       -0.49117       49.03324   0.00000
       -0.49030       49.03796   0.00000
       -0.48303       49.04259   0.00000
       -0.47565       49.04523   0.00000
       -0.47433       49.04873   0.00000
       -0.48287       49.05347   0.00000
       -0.49052       49.05577   0.00000
       -0.49499       49.05492   0.00000
       -0.49514       49.05071   0.00000
       -0.49308       49.04754   0.00000
       -0.49469       49.04256   0.00000
       -0.49726       49.04151   0.00000
       -0.49894       49.03776   0.00000
       -0.50170       49.03324   0.00000
       -0.50909       49.03084   0.00000
       -0.51297       49.03297   0.00000
       -0.51409       49.03962   0.00000
       -0.51444       49.04604   0.00000
       -0.51744       49.05265   0.00000
       -0.51585       49.05788   0.00000
       -0.50890       49.06151   0.00000
>
       -1.30376       49.54917   0.00000
       -1.31285       49.54912   0.00000
       -1.32168       49.54995   0.00000
       -1.32761       49.55284   0.00000
       -1.32992       49.55671   0.00000
       -1.33545       49.56335   0.00000
       -1.34231       49.56972   0.00000
       -1.34715       49.57132   0.00000
       -1.35287       49.57115   0.00000
       -1.35779       49.56924   0.00000
       -1.36300       49.56667   0.00000
       -1.37039       49.57105   0.00000
       -1.38156       49.57619   0.00000
       -1.41241       49.58752   0.00000
       -1.42785       49.59120   0.00000
       -1.43496       49.59142   0.00000
       -1.44130       49.59057   0.00000
       -1.45087       49.58763   0.00000
       -1.45788       49.58215   0.00000
       -1.45879       49.56721   0.00000
       -1.45769       49.56154   0.00000
       -1.45905       49.55711   0.00000
       -1.46055       49.55465   0.00000
       -1.46218       49.54933   0.00000
       -1.46012       49.54435   0.00000
       -1.46055       49.54105   0.00000
       -1.46426       49.53655   0.00000
       -1.47426       49.53513   0.00000
       -1.48355       49.53309   0.00000
       -1.48999       49.52915   0.00000
       -1.49305       49.52050   0.00000
       -1.49608       49.51602   0.00000
       -1.49980       49.51173   0.00000
       -1.50395       49.50875   0.00000
       -1.51094       49.50765   0.00000
       -1.51292       49.50715   0.00000
       -1.52395       49.50592   0.00000
       -1.53199       49.50544   0.00000
       -1.53816       49.50239   0.00000
       -1.54492       49.49822   0.00000
       -1.54611       49.49621   0.00000
       -1.54746       49.49178   0.00000
       -1.54747       49.49200   0.00000
       -1.54898       49.48976   0.00000
       -1.55187       49.48791   0.00000
       -1.56049       49.48609   0.00000
       -1.56869       49.48320   0.00000
       -1.57374       49.47886   0.00000
       -1.56793       49.47774   0.00000
       -1.56172       49.47574   0.00000
       -1.56083       49.47292   0.00000
       -1.55981       49.46835   0.00000
       -1.56381       49.46339   0.00000
       -1.57191       49.45940   0.00000
       -1.57467       49.45580   0.00000
       -1.57442       49.45252   0.00000
>
       -1.42625       49.21239   0.00000
       -1.43340       49.20178   0.00000
       -1.43775       49.19421   0.00000
>
       -1.43933       49.19138   0.00000
       -1.44040       49.18541   0.00000
       -1.43979       49.17442   0.00000
       -1.43842       49.16605   0.00000
       -1.43710       49.16101   0.00000
       -1.43311       49.15792   0.00000
       -1.42681       49.15701   0.00000
       -1.41756       49.15680   0.00000
       -1.40857       49.15771   0.00000
       -1.40126       49.16090   0.00000
       -1.39470       49.16408   0.00000
       -1.39141       49.16814   0.00000
>
       -1.41407       49.29133   0.00000
       -1.40986       49.28552   0.00000
       -1.40810       49.27952   0.00000
       -1.40835       49.27258   0.00000
       -1.40650       49.25755   0.00000
       -1.42382       49.24637   0.00000
       -1.43023       49.24097   0.00000
       -1.43953       49.24154   0.00000
       -1.44631       49.24133   0.00000
       -1.45039       49.24021   0.00000
       -1.45354       49.23689   0.00000
       -1.45391       49.23169   0.00000
       -1.45129       49.22682   0.00000
       -1.44775       49.22495   0.00000
       -1.44208       49.22488   0.00000
       -1.43429       49.22686   0.00000
       -1.42525       49.23234   0.00000
       -1.41899       49.23452   0.00000
       -1.41159       49.23673   0.00000
       -1.40782       49.23685   0.00000
       -1.40506       49.23520   0.00000
       -1.40484       49.23224   0.00000
       -1.40718       49.22796   0.00000
       -1.41290       49.22357   0.00000
       -1.42302       49.21732   0.00000
>
       -1.57182       49.45059   0.00000
       -1.56174       49.44770   0.00000
       -1.54919       49.44736   0.00000
       -1.53719       49.44923   0.00000
       -1.52998       49.44922   0.00000
       -1.52378       49.44744   0.00000
       -1.51489       49.44030   0.00000
       -1.50662       49.43116   0.00000
       -1.50232       49.42437   0.00000
       -1.50154       49.41401   0.00000
       -1.49534       49.40208   0.00000
       -1.47732       49.38410   0.00000
       -1.46283       49.37268   0.00000
       -1.45358       49.36531   0.00000
       -1.44983       49.36072   0.00000
       -1.44657       49.35761   0.00000
       -1.44185       49.35528   0.00000
       -1.43789       49.35293   0.00000
       -1.43654       49.35001   0.00000
       -1.43706       49.34677   0.00000
       -1.44091       49.34245   0.00000
       -1.44256       49.33918   0.00000
       -1.44391       49.33691   0.00000
       -1.44360       49.33271   0.00000
       -1.43901       49.32692   0.00000
       -1.43116       49.32321   0.00000
       -1.42791       49.32009   0.00000
       -1.42594       49.31397   0.00000
       -1.42898       49.30893   0.00000
       -1.43254       49.30585   0.00000
       -1.43381       49.30259   0.00000
       -1.43116       49.29748   0.00000
       -1.42372       49.29400   0.00000
       -1.41574       49.29351   0.00000
